Accuracy: 0.962183127857044 (Дата и время: 2024-04-25 13:11:19)
Accuracy: 0.8271707519734108 (Дата и время: 2024-04-25 13:11:25)
